6,13177,18470,6,0,14739,10828,0
6,13190,18496,6,6,14777,10848,0
6,13209,18515,0,6,14796,10867,0
6,13228,18534,6,6,14835,10886,0
6,13241,18553,6,6,14880,10899,0
6,13260,18572,6,6,14905,10905,0
0,13267,18598,12,12,14944,10924,0
0,13260,18611,19,12,14976,10937,0
0,13260,18624,19,12,15001,10944,0
0,13254,18643,25,19,15040,10956,0
6,13248,18649,32,19,14963,10976,0
6,13248,18656,32,12,15001,10982,0
6,13254,18668,32,12,15040,11001,0
6,13260,18681,25,19,15052,11014,0
6,13267,18694,25,19,15174,11027,0
6,13273,18707,25,19,15193,11033,0
12,13273,18720,19,12,15200,11033,0
12,13286,18739,12,12,15212,11040,0
12,13299,18758,12,12,15232,11046,0
19,13305,18764,12,6,15244,11052,0
19,13318,18777,6,6,15347,11052,0
19,13324,18790,6,6,15328,11059,0
19,13331,18796,6,6,15283,11059,0
19,13344,18803,6,0,15264,11059,0
19,13356,18816,6,6,15123,11052,0
19,13369,18828,12,6,15084,11052,0
12,13388,18841,12,6,15046,11046,0
12,13401,18848,12,6,15014,11046,0
19,13408,18854,12,6,14873,11059,0
12,13427,18860,6,6,14835,11059,0
12,13433,18873,6,6,14816,11059,0
12,13440,18880,12,6,14816,11052,0
12,13446,18905,12,6,14809,11052,0
19,13446,18924,12,6,14828,11052,0
19,13446,18950,12,0,14854,11065,0
19,13440,18956,12,0,14880,11059,0
19,13433,18950,12,0,14899,11059,0
19,13433,18956,12,6,14905,11052,0
12,13433,18963,12,6,15033,11046,0
19,13427,18969,12,6,15065,11040,0
12,13427,18976,12,6,15091,11033,0
12,13427,18988,12,6,15097,11033,0
12,13433,18982,12,6,15008,11027,0
6,13433,18995,12,6,15001,11020,0
6,13440,18988,12,6,15116,11008,0
6,13452,19001,6,6,15116,11014,0
6,13465,19020,6,6,15129,11014,0
6,13472,19033,6,6,15142,11014,0
6,13484,19046,12,6,15123,11008,0
0,13491,19072,12,6,15104,11008,0
6,13497,19084,12,6,15084,11008,0
6,13510,19097,6,6,15072,11014,0
6,13510,19104,6,6,15174,11014,0
6,13529,19110,6,12,15148,11020,0
6,13536,19116,6,19,15142,11027,0
12,13542,19123,6,25,15104,11033,0
19,13548,19129,6,32,14956,11033,0
25,13555,19136,6,25,14944,11046,0
25,13555,19136,0,25,14963,11052,0
25,13561,19136,0,32,14963,11059,0
19,13568,19136,6,32,14988,11065,0
19,13568,19142,6,32,15001,11059,0
25,13574,19168,6,32,15014,11072,0
25,13568,19174,12,32,15033,11078,0
25,13568,19180,12,25,15040,11084,0
19,13568,19187,12,19,15072,11091,0
12,13568,19193,12,12,15212,11104,0
6,13568,19200,19,12,15219,11110,0
6,13568,19206,19,12,15219,11123,0
6,13568,19212,19,6,15238,11136,0
6,13574,19219,12,12,15244,11142,0
6,13580,19219,12,12,15251,11155,0
0,13587,19212,12,12,15142,11161,0
0,13593,19219,6,6,15155,11161,0
0,13600,19225,6,6,15155,11161,0
0,13606,19232,12,6,15174,11168,0
0,13619,19238,12,6,15180,11168,0
0,13625,19244,6,6,15180,11161,0
0,13632,19251,6,6,15187,11155,0
0,13638,19251,6,6,15174,11148,0
0,13638,19257,12,0,15155,11155,0
6,13638,19264,12,6,15142,11161,0
6,13638,19264,12,6,15257,11161,0
6,13638,19276,12,6,15251,11168,0
6,13638,19283,12,6,15257,11168,0
12,13638,19289,6,6,15238,11161,0
12,13638,19289,12,6,15116,11168,0
19,13638,19296,19,6,15116,11174,0
25,13638,19296,19,6,15104,11174,0
32,13638,19296,19,12,15123,11180,0
32,13638,19302,12,12,15129,11180,0
25,13638,19308,12,12,15148,11180,0
25,13644,19315,12,12,15052,11180,0
25,13644,19302,12,19,15091,11180,0
25,13651,19296,12,25,15148,11174,0
19,13651,19296,12,25,15225,11180,0
19,13651,19302,6,25,15283,11187,0
12,13657,19302,0,25,15334,11193,0
6,13657,19308,6,25,15424,11200,0
0,13664,19315,6,19,15475,11200,0
0,12089,15558,6,6,8985,9113,0
0,12115,15603,6,6,9100,9177,0
0,12147,15622,6,6,9184,9228,0
0,12179,15692,6,6,9171,9267,0
0,12204,15763,6,12,9248,9299,0
0,12217,15801,6,12,9254,9324,0
0,12230,15846,6,12,9305,9344,0
6,12230,15897,6,6,9350,9356,0
6,12256,15974,6,6,9395,9369,0
6,12288,16051,6,12,9382,9369,0
6,12307,16108,6,12,9401,9382,0
12,12326,16166,0,12,9369,9395,0
12,12345,16217,0,19,9382,9414,0
12,12358,16262,6,19,9401,9420,0
12,12352,16288,6,19,9401,9427,0
19,12352,16313,6,25,9388,9452,0
19,12358,16345,6,25,9401,9465,0
12,12358,16377,6,25,9382,9478,0
12,12371,16403,6,32,9395,9484,0
12,12377,16416,6,25,9427,9510,0
12,12358,16422,12,25,9414,9510,0
6,12345,16422,12,25,9446,9516,0
6,12332,16422,12,19,9484,9523,0
6,12326,16441,6,19,9491,9529,0
6,12345,16473,12,12,9459,9529,0
0,12358,16512,12,6,9516,9516,0
0,12371,16550,19,6,9491,9510,0
6,12384,16582,19,6,9504,9497,0
6,12384,16627,25,0,9510,9472,0
6,12396,16678,25,0,9491,9452,0
6,12422,16723,19,6,9484,9446,0
6,12441,16742,19,6,9440,9440,0
12,12460,16780,19,6,9472,9427,0
19,12480,16806,19,6,9491,9427,0
19,12492,16832,12,12,9478,9420,0
19,12505,16844,12,19,9446,9420,0
19,12512,16857,6,25,9401,9420,0
19,12518,16883,6,25,9401,9420,0
25,12518,16864,6,25,9376,9446,0
25,12518,16819,12,25,9401,9465,0
32,12505,16748,12,19,9376,9491,0
38,12499,16691,12,19,9376,9516,0
32,12499,16627,12,19,9382,9542,0
32,12499,16576,12,19,9369,9568,0
32,12486,16512,12,12,9388,9593,0
32,12473,16467,12,12,9427,9612,0
32,12467,16416,12,6,9452,9632,0
25,12460,16358,12,12,9459,9651,0
19,12460,16326,6,19,9497,9657,0
19,12454,16320,0,19,9504,9670,0
12,12473,16339,0,19,9536,9683,0
12,12486,16371,0,19,9574,9689,0
19,12492,16396,0,19,9555,9689,0
12,12492,16409,0,25,9574,9689,0
12,12505,16441,0,25,9606,9696,0
12,12518,16460,0,19,9612,9696,0
12,12524,16480,0,19,9664,9702,0
12,12537,16492,0,12,9664,9708,0
12,12550,16505,0,6,9683,9721,0
19,12563,16518,0,12,9683,9721,0
6,14675,16576,12,12,14476,10182,0
6,14694,16569,6,19,14496,10220,0
12,14707,16582,6,25,14534,10278,0
12,14726,16601,6,25,14604,10329,0
12,14732,16601,6,19,14476,10380,0
6,14732,16595,6,25,14489,10406,0
6,14745,16601,6,25,14457,10400,0
12,14764,16659,6,25,14425,10374,0
12,14764,16684,6,25,14336,10368,0
19,14777,16723,6,19,14380,10348,0
19,14784,16780,0,19,14438,10329,0
19,14784,16819,0,12,14489,10323,0
12,14790,16864,0,6,14656,10304,0
12,14790,16902,6,6,14707,10284,0
19,14790,16940,12,6,14777,10259,0
19,14796,16972,12,0,14841,10252,0
19,14809,17030,12,0,15065,10272,0
12,14822,17049,12,0,15174,10304,0
19,14835,17088,12,0,15379,10310,0
19,14656,17100,12,0,15475,10329,0
19,14483,17107,12,6,15673,10336,0
19,14355,17126,12,6,15737,10342,0
19,14240,17145,12,12,15660,10348,0
19,14131,17164,6,12,15712,10355,0
12,14028,17177,6,12,15891,10361,0
19,13926,17190,12,12,15929,10361,0
19,13824,17196,12,12,15961,10368,0
25,13728,17216,12,12,16000,10374,0
19,13651,17228,12,12,16038,10380,0
19,13760,17241,12,12,16057,10393,0
19,13862,17254,19,6,15961,10412,0
19,13920,17260,25,6,15980,10425,0
19,13964,17260,25,0,16147,10438,0
19,14009,17260,25,0,16166,10451,0
19,14048,17273,25,0,16179,10464,0
12,14086,17286,19,0,16179,10476,0
19,14118,17305,19,0,16192,10483,0
12,14150,17305,19,0,16217,10496,0
12,14182,17318,25,6,16236,10502,0
12,14214,17331,25,6,16262,10508,0
12,14246,17350,19,12,16396,10489,0
12,14233,17356,12,12,16428,10496,0
12,14240,17331,12,19,16460,10515,0
12,14265,17299,12,19,16486,10540,0
12,14297,17267,12,19,16505,10572,0
19,14329,17235,12,19,16550,10604,0
19,14368,17196,12,25,16467,10649,0
19,14406,17164,12,25,16480,10688,0
19,14438,17126,6,25,16486,10739,0
12,14464,17094,6,25,16486,10784,0
12,14489,17049,12,19,16384,10854,0
12,14560,17017,12,19,16384,10899,0
12,14611,17017,19,12,16384,10937,0
12,14636,17030,19,12,16416,10969,0
12,14662,17043,12,12,16422,10995,0
12,14688,17049,12,19,16428,11020,0
6,14707,17062,12,12,16416,11027,0
6,14726,17056,12,12,16422,11040,0
6,14739,17068,12,6,16428,11040,0
6,14752,17081,19,12,16454,11046,0
6,13523,16006,12,12,9708,9376,0
6,13369,16147,12,12,9708,9337,0
6,13209,16243,12,12,9824,9305,0
6,12883,16499,12,12,9862,9088,0
6,12985,16582,6,12,9971,9177,0
6,13043,16620,6,6,10048,9260,0
12,13088,16652,0,6,10099,9337,0
19,13132,16678,0,6,10176,9420,0
19,13171,16697,0,12,10169,9491,0
19,13203,16704,0,12,10246,9561,0
19,13235,16736,0,6,10233,9612,0
19,13267,16761,6,12,10291,9651,0
19,13292,16787,6,12,10291,9676,0
25,13318,16825,6,12,10297,9702,0
25,13337,16864,12,19,10304,9728,0
25,13356,16896,12,19,10284,9747,0
19,13363,16915,19,19,10246,9766,0
12,13363,16934,19,19,10246,9779,0
12,13376,16953,25,12,10252,9785,0
19,13382,16985,25,12,10220,9792,0
12,13382,16998,25,12,10259,9798,0
12,13388,17017,19,6,10233,9804,0
12,13395,17030,19,6,10278,9824,0
6,13408,17036,25,6,10310,9849,0
12,13414,17036,19,0,10316,9868,0
12,13427,17043,19,0,10342,9888,0
12,13433,17049,12,0,10406,9907,0
12,13440,17056,12,0,10374,9913,0
12,13440,17075,6,6,10425,9920,0
6,13465,17094,6,12,10438,9920,0
6,13472,17107,6,12,10425,9926,0
6,13472,17113,12,12,10489,9939,0
6,13478,17120,12,12,10393,9945,0
6,13478,17126,6,19,10374,9952,0
0,13472,17145,6,25,10387,9958,0
0,13472,17158,6,25,10400,9964,0
6,13478,17171,6,32,10380,9964,0
6,13484,17190,6,32,10400,9964,0
6,13491,17196,12,25,10406,9977,0
6,13478,17209,12,19,10400,9990,0
12,13491,17222,19,19,10419,10003,0
19,13497,17235,12,25,10393,10003,0
25,13497,17254,12,25,10464,10003,0
32,13497,17273,12,25,10496,9996,0
38,13516,17286,12,19,10464,9990,0
38,13523,17299,19,25,10444,9984,0
32,13529,17312,25,19,10470,9984,0
32,13536,17318,25,19,10476,9990,0
32,13542,17331,19,19,10476,9984,0
38,13548,17344,19,19,10457,9971,0
32,13548,17350,19,25,10489,9964,0
25,13555,17356,19,19,10483,9971,0
19,13561,17356,19,19,10476,9971,0
12,13568,17363,25,12,10483,9977,0
6,13574,17363,25,12,10464,9984,0
6,13580,17369,19,6,10451,9990,0
6,13587,17376,12,12,10470,9990,0
6,13593,17382,19,19,10521,9984,0
12,13600,17395,19,25,10502,9977,0
6,13600,17395,19,25,10540,9984,0
6,16908,12883,6,25,10489,14912,0
12,16953,12947,12,25,10553,14924,0
12,16979,13004,19,25,10598,14937,0
12,16998,13043,12,19,10624,14944,0
19,17011,13081,12,19,10675,14982,0
19,17030,13164,19,12,10694,15008,0
25,17062,13248,25,19,10694,15027,0
25,17081,13312,25,19,10713,15046,0
19,17100,13369,25,19,10732,15059,0
25,17120,13420,32,19,10739,15072,0
25,17132,13459,38,19,10796,15084,0
25,17158,13510,32,25,10809,15084,0
25,17177,13555,32,25,10828,15091,0
25,17190,13593,32,25,10873,15097,0
25,17203,13632,38,32,10931,15097,0
25,17222,13670,38,32,10976,15104,0
19,17241,13702,32,25,11027,15110,0
19,17254,13728,32,25,10912,15116,0
25,17254,13740,32,25,10739,15129,0
19,17260,13753,25,25,10566,15136,0
19,17260,13772,25,25,10361,15142,0
12,17260,13779,32,19,10195,15155,0
12,17260,13798,32,12,10035,15168,0
12,17267,13792,32,12,9945,15180,0
12,17267,13798,25,12,9779,15200,0
19,17260,13792,19,12,9664,15212,0
25,17254,13804,19,12,9542,15225,0
25,17267,13824,25,6,9580,15232,0
19,17292,13849,25,6,9625,15232,0
19,17305,13868,32,12,9734,15244,0
25,17324,13881,25,19,9772,15257,0
32,17344,13913,19,25,9843,15270,0
38,17363,13926,12,25,9856,15270,0
44,17395,13958,12,25,9824,15270,0
44,17420,13984,19,19,9804,15251,0
38,17459,14022,19,19,9785,15180,0
38,17484,14009,19,25,9728,15148,0
44,17491,13984,12,32,9734,15129,0
51,17504,13971,12,38,9747,15110,0
57,17523,13964,6,38,9747,15091,0
51,17536,13958,6,38,9760,15072,0
44,17555,13945,12,32,9753,15046,0
38,17555,13964,12,32,9792,15008,0
32,17484,14073,12,38,9817,14816,0
25,17427,14182,6,44,9894,14688,0
32,17350,14060,6,44,9939,14720,0
25,17318,13977,6,38,10009,14707,0
19,17305,13945,6,38,9971,14681,0
19,17286,13907,6,32,9984,14662,0
12,17260,13868,12,32,9984,14643,0
12,17248,13849,12,25,9996,14617,0
12,17228,13817,6,32,10016,14592,0
12,17228,13766,12,32,10009,14572,0
12,17305,13664,12,32,9990,14700,0
19,17363,13529,19,32,9939,14790,0
12,17420,13619,19,32,9939,14771,0
12,17446,13702,19,32,9888,14764,0
19,17459,13753,25,32,9945,14764,0
12,17478,13772,25,38,9971,14771,0
19,17504,13792,19,32,9996,14771,0
25,9254,19142,3366,2470,7801,6540,1
25,9228,19168,3507,2368,7859,6566,1
19,9209,19200,3564,2208,7852,6566,1
19,9190,19264,3750,2195,7872,6553,1
12,9164,19296,3865,2150,7827,6528,1
6,9145,19321,3968,2214,7859,6508,1
6,9152,19334,4051,2259,7820,6489,1
6,9177,19353,4064,2259,7808,6470,1
12,9203,19366,4102,2291,7833,6464,1
12,9235,19385,4089,2259,7827,6464,1
12,9273,19417,4089,2259,7891,6457,1
12,9305,19436,4076,2252,7852,6438,1
12,9324,19462,4108,2329,7872,6464,1
19,9350,19481,4102,2297,7891,6489,1
19,9376,19507,4128,2310,7878,6515,1
19,9401,19526,4140,2284,7833,6534,1
12,9420,19558,4147,2284,7904,6547,1
19,9376,19564,3980,2323,7865,6553,1
12,9331,19558,3731,2387,7859,6572,1
19,9254,19552,3430,2457,7884,6579,1
19,9184,19539,3072,2540,7827,6604,1
19,9139,19500,2777,2560,7865,6643,1
25,9100,19443,2470,2579,7872,6675,1
19,9056,19379,2150,2604,7801,6713,1
19,9017,19321,1843,2585,7865,6739,1
19,8985,19270,1561,2592,7923,6771,1
19,8966,19232,1286,2496,7884,6809,1
12,9004,19219,1273,2342,7859,6848,1
12,9049,19232,1248,2150,7872,6873,1
12,9120,19225,1382,2009,7910,6905,1
12,9190,19200,1516,1817,7904,6924,1
12,9235,19238,1619,1721,7891,6937,1
12,9267,19276,1638,1580,7929,6944,1
19,9280,19308,1817,1580,7948,6944,1
19,9286,19328,1964,1529,7942,6944,1
19,9299,19347,2105,1491,7878,6937,1
19,9280,19366,2259,1542,7904,6924,1
19,9235,19366,2342,1632,7942,6918,1
19,9152,19334,2476,1702,7916,6899,1
12,9145,19340,2432,1664,7891,6880,1
19,9164,19372,2374,1670,7891,6873,1
25,9171,19379,2374,1651,7904,6867,1
25,9177,19398,2451,1632,7884,6867,1
19,9190,19430,2483,1529,7897,6873,1
19,9196,19475,2515,1504,7910,6873,1
25,9196,19513,2553,1497,7916,6880,1
25,9209,19500,2521,1484,7904,6886,1
25,9254,19507,2432,1420,7929,6892,1
32,9318,19513,2444,1388,7897,6899,1
38,9273,19494,2598,1593,7904,6886,1
32,9216,19488,2828,1804,7936,6854,1
25,9184,19481,2931,1971,7955,6828,1
25,9158,19475,3084,2169,7942,6803,1
25,9152,19462,3091,2304,7948,6777,1
25,9152,19449,3123,2476,7929,6758,1
25,9152,19436,3129,2611,7884,6739,1
32,9152,19462,3187,2732,7904,6720,1
38,9152,19475,3296,2860,7923,6700,1
38,9171,19513,3334,3001,7923,6694,1
32,9222,19552,3340,2982,7916,6707,1
32,9260,19577,3308,2931,7884,6726,1
38,9280,19603,3328,2937,7897,6739,1
32,9305,19622,3289,2912,7929,6752,1
32,9324,19648,3321,2963,7936,6758,1
38,9344,19660,3315,2950,7942,6764,1
32,9356,19680,3334,2969,8012,6764,1
32,9376,19692,3347,2976,7987,6764,1
32,9388,19712,3385,3027,7974,6771,1
25,9395,19724,3398,3014,8032,6771,1
32,9414,19737,3411,3040,7961,6771,1
32,9420,19750,3417,3040,8032,6771,1
32,9440,19756,3424,3059,8006,6777,1
32,9452,19763,3424,3072,7948,6784,1
32,9465,19769,3443,3072,7968,6790,1
25,9478,19776,3443,3091,7916,6796,1
32,9491,19776,3481,3110,7897,6809,1
25,9504,19782,3488,3104,7910,6828,1
25,9523,19788,3475,3078,7910,6841,1
32,9536,19795,3475,3072,7878,6854,1
25,9536,19801,3500,3052,7884,6867,1
32,9548,19814,3500,3020,7872,6880,1
25,9555,19801,3500,2956,7872,6886,1
25,9561,19808,3513,2931,7923,6892,1
25,9568,19814,3494,2880,7910,6899,1
32,9574,19820,3539,2867,7948,6905,1
32,9580,19814,3500,2822,8006,6912,1
32,9587,19820,3520,2816,7993,6912,1
32,9587,19827,3513,2771,7929,6918,1
25,9593,19833,3539,2777,8000,6918,1
32,9600,19840,3513,2745,8064,6924,1
32,9600,19840,3532,2777,8012,6931,1
32,9600,19865,3526,2803,7987,6937,1
32,9600,19872,3520,2835,7974,6944,1
32,9593,19878,3520,2880,8032,6950,1
32,9593,19884,3488,2880,8006,6956,1
25,9593,19904,3507,2912,7910,6963,1
32,9593,19904,3488,2937,7929,6969,1
25,9593,19904,3507,3008,8012,6969,1
32,9593,19910,3488,3008,7980,6976,1
32,9593,19897,3507,3059,7916,6982,1
38,9318,11897,4320,5568,8582,8128,1
38,9408,12044,4249,5491,8608,8160,1
38,9484,12172,4211,5408,8633,8192,1
38,9536,12275,4204,5363,8640,8217,1
44,9580,12358,4153,5305,8672,8236,1
38,9619,12422,4147,5254,8704,8249,1
32,9651,12480,4115,5228,8748,8262,1
32,9875,12582,3948,5024,8755,8300,1
32,9907,12697,3737,4819,8844,8409,1
25,9907,12812,3577,4608,8864,8473,1
25,9913,12940,3507,4326,8908,8640,1
32,9920,12915,3417,4006,8800,8812,1
38,9862,12947,3347,3865,8819,8800,1
32,9836,12979,3244,3769,8870,8812,1
32,9811,13030,3187,3718,8915,8832,1
32,9785,13075,3091,3628,8940,8851,1
32,9753,13056,2976,3577,8960,8838,1
32,9529,12972,3014,3673,8960,8812,1
25,9452,12812,3206,4044,8908,8684,1
32,9350,12691,3385,4441,8921,8582,1
32,9241,12569,3411,4787,8908,8390,1
25,9164,12601,3507,5267,8979,8204,1
25,9152,12576,3596,5580,9017,8211,1
32,9120,12550,3705,5836,9030,8198,1
25,9081,12505,3795,6048,8979,8179,1
25,9043,12467,3884,6220,8979,8160,1
25,9024,12499,3980,6310,8972,8172,1
32,8998,12550,4051,6400,8985,8172,1
32,9017,12659,4038,6240,8985,8198,1
32,9100,12716,3955,6060,8972,8243,1
25,9190,12768,3987,6080,9043,8275,1
25,9235,12819,3987,5932,9132,8294,1
19,9286,12883,3974,5830,9120,8230,1
19,9331,12947,3929,5734,9126,8179,1
25,9376,13004,3929,5670,9203,8134,1
25,9414,13049,3897,5625,9216,8083,1
32,9440,13100,3891,5657,9248,8038,1
32,9491,13145,3859,5664,9260,7993,1
32,9548,13171,3801,5728,9305,7955,1
32,9600,13196,3788,5740,9344,7923,1
32,9632,13216,3763,5785,9337,7897,1
32,9683,13216,3737,5907,9344,7872,1
32,9721,13196,3731,6016,9369,7923,1
25,9760,13158,3737,6137,9337,7961,1
19,9798,13139,3680,6195,9337,7993,1
25,9843,13158,3616,6291,9356,8025,1
19,9888,13152,3545,6374,9356,8051,1
12,9913,13145,3532,6502,9414,8076,1
12,9926,13158,3481,6547,9401,8096,1
6,9932,13164,3443,6675,9414,8115,1
12,9952,13177,3411,6732,9446,8128,1
12,9971,13196,3360,6790,9459,8140,1
12,9990,13222,3276,6694,9427,8153,1
12,10009,13267,3225,6630,9484,8160,1
12,10028,13292,3225,6611,9465,8172,1
6,10041,13286,3257,6572,9459,8179,1
6,10054,13292,3276,6540,9491,8192,1
12,10060,13299,3251,6502,9427,8198,1
12,10073,13305,3257,6470,9465,8198,1
12,10092,13331,3168,6355,9459,8172,1
19,10112,13260,2560,3468,8582,8377,1
25,10112,13312,2566,3398,8588,8409,1
19,10124,13331,2579,3372,8620,8454,1
25,10150,13344,2579,3334,8633,8499,1
25,10176,13331,2560,3321,8652,8531,1
32,10201,13312,2560,3302,8620,8569,1
32,10227,13305,2553,3244,8652,8601,1
25,10246,13280,2560,3212,8665,8627,1
32,10278,13254,2540,3238,8678,8659,1
25,10304,13228,2534,3302,8742,8684,1
25,10336,13241,2521,3308,8742,8697,1
19,10374,13254,2515,3353,8774,8710,1
19,10412,13248,2489,3404,8755,8723,1
19,10432,13248,2502,3481,8755,8742,1
19,10444,13254,2508,3462,8748,8755,1
12,10457,13267,2534,3475,8748,8761,1
12,10470,13267,2553,3494,8755,8768,1
12,10476,13280,2579,3558,8755,8774,1
12,10476,13292,2604,3571,8755,8774,1
19,10483,13299,2656,3603,8742,8780,1
19,10489,13324,2688,3616,8742,8787,1
25,10496,13331,2732,3660,8736,8787,1
25,10508,13350,2758,3641,8761,8793,1
19,10528,13369,2790,3641,8761,8793,1
19,10547,13388,2790,3660,8755,8800,1
19,10566,13401,2803,3712,8761,8806,1
25,10579,13414,2809,3731,8755,8812,1
25,10592,13433,2828,3718,8768,8819,1
25,10604,13446,2860,3744,8716,8825,1
19,10611,13459,2867,3750,8729,8825,1
19,10624,13459,2880,3788,8710,8825,1
19,10636,13465,2873,3756,8691,8832,1
19,10643,13484,2912,3801,8697,8832,1
19,10649,13491,2899,3776,8704,8832,1
19,10662,13504,2944,3846,8716,8838,1
25,10668,13516,2931,3808,8684,8844,1
25,10681,13529,2963,3846,8710,8851,1
25,10688,13536,2950,3846,8716,8857,1
19,10694,13542,2956,3884,8748,8857,1
19,10713,13548,2963,3910,8742,8864,1
19,10720,13555,2982,3929,8748,8870,1
12,10726,13568,3014,3968,8768,8876,1
19,10732,13568,3014,3948,8761,8883,1
25,10739,13574,3065,4019,8780,8889,1
25,10739,13568,3065,3993,8768,8889,1
19,10745,13568,3104,4057,8768,8889,1
12,10745,13568,3110,4057,8787,8889,1
12,10752,13568,3155,4134,8787,8896,1
12,10758,13574,3168,4108,8780,8902,1
19,10777,13574,3193,4083,8780,8908,1
19,10777,13580,3200,4025,8793,8908,1
19,10784,13593,3219,4051,8748,8915,1
12,10790,13606,3232,4064,8774,8921,1
12,10796,13625,3232,4025,8742,8928,1
12,10803,13651,3238,3987,8755,8928,1
12,10816,13664,3244,3968,8793,8928,1
12,10828,13676,3244,3987,8748,8934,1
12,10841,13696,3232,3942,8748,8934,1
12,10854,13708,3244,3948,8761,8934,1
6,10841,13728,3251,3968,8748,8934,1
19,9689,12499,3718,4480,16224,6886,1
12,9766,12556,3788,4236,16217,6867,1
12,9836,12608,3833,4108,16358,6841,1
12,9900,12652,3782,3980,16371,6816,1
19,9958,12704,3712,3737,16217,6777,1
12,10022,12755,3673,3590,16224,6777,1
12,10054,12755,3648,3513,16243,6764,1
19,10080,12761,3635,3398,16294,6764,1
19,10112,12774,3609,3212,16204,6764,1
19,10144,12787,3596,3065,16236,6758,1
19,10182,12812,3564,2860,16268,6764,1
19,10208,12812,3520,3097,16339,6828,1
19,10227,12812,3481,3180,16371,6892,1
25,10240,12825,3526,3187,16416,6944,1
25,10246,12825,3590,3379,16460,7020,1
32,10240,12825,3641,3481,16480,7040,1
32,10259,12857,3686,3526,16486,7072,1
25,10265,12889,3705,3571,16492,7091,1
25,10272,12915,3756,3616,16620,7104,1
19,10278,12928,3795,3686,16608,7116,1
19,10272,12934,3827,3744,16608,7116,1
19,10272,12940,3859,3769,16601,7116,1
19,10272,12947,3878,3750,16601,7123,1
19,10278,12966,3852,3680,16563,7110,1
12,10291,12985,3846,3616,16537,7091,1
6,10291,12979,3801,3609,16524,7091,1
6,10284,12972,3756,3603,16531,7097,1
6,10297,12966,3731,3635,16518,7104,1
6,10304,12953,3686,3667,16505,7110,1
6,10304,12960,3660,3686,16512,7116,1
6,10310,12972,3616,3692,16544,7123,1
12,10310,12985,3564,3705,16550,7136,1
12,10316,13004,3526,3718,16563,7142,1
6,10316,13004,3520,3820,16588,7168,1
6,10310,12998,3513,3942,16601,7187,1
12,10323,13011,3539,3993,16608,7200,1
12,10336,13030,3558,4032,16595,7206,1
12,10342,13043,3571,4025,16588,7212,1
19,10355,13062,3596,4076,16588,7225,1
25,10368,13068,3616,4096,16576,7238,1
25,10380,13068,3641,4121,16537,7251,1
19,10393,13068,3673,4134,16512,7257,1
19,10393,13062,3712,4179,16492,7264,1
25,10400,13056,3763,4211,16486,7270,1
32,10406,13056,3795,4198,16473,7276,1
32,10412,13056,3820,4211,16467,7283,1
38,10419,13062,3852,4249,16473,7289,1
38,10425,13075,3878,4281,16480,7296,1
32,10425,13094,3852,4256,16480,7276,1
25,10425,13120,3827,4256,16499,7264,1
32,10425,13145,3820,4262,16512,7251,1
32,10425,13158,3795,4275,16537,7244,1
32,10432,13184,3750,4236,16544,7238,1
25,10432,13209,3712,4224,16544,7225,1
19,10432,13235,3686,4204,16569,7219,1
12,10432,13254,3680,4217,16588,7212,1
6,10425,13273,3673,4192,16608,7212,1
6,10425,13267,3641,4204,16614,7212,1
6,10425,13260,3680,4198,16627,7238,1
12,10425,13248,3718,4224,16633,7257,1
19,8217,11744,435,5068,20544,8083,1
12,8313,11910,377,4499,20723,8076,1
6,8396,12070,320,3891,20883,8032,1
6,8448,12204,262,3148,21056,8006,1
6,8403,12300,256,2617,21203,8038,1
0,8352,12313,204,2284,21318,8064,1
0,8345,12243,211,2220,21344,8153,1
0,8288,12179,300,2156,21376,8204,1
6,8294,12198,281,1676,21401,8256,1
12,8268,12083,268,1708,21324,8313,1
12,8243,11993,256,1619,21273,8371,1
12,8128,11424,249,1452,20435,8371,1
12,8134,11180,249,1478,19411,8441,1
19,8153,11014,249,1664,18406,8486,1
19,8256,10886,243,1785,17555,8537,1
19,8364,10771,236,1958,16620,8582,1
19,8416,10713,243,2297,15948,8588,1
25,8524,10707,19,2144,15161,8627,1
19,8576,10643,25,2412,14400,8652,1
12,8659,10675,38,2342,13734,8684,1
19,8723,10688,38,2246,13164,8697,1
19,8883,11168,44,2368,13267,8780,1
19,8915,11328,44,2310,13728,8832,1
12,8966,11411,64,2278,14035,8883,1
12,9011,11475,76,2278,14355,8915,1
12,9056,11513,89,2214,14681,8953,1
12,9100,11571,76,2003,14944,8992,1
6,9120,11609,89,1875,15232,9024,1
6,9145,11648,83,1676,15596,9049,1
12,9177,11673,76,1452,15859,9056,1
6,9190,11699,76,1337,16134,9081,1
12,9203,11724,89,1267,16352,9100,1
12,9222,11756,89,1152,16569,9126,1
12,9216,11795,83,960,16812,9120,1
19,9203,11820,70,896,17075,9132,1
19,9209,11865,83,1228,17318,9139,1
25,9216,11884,83,1536,17510,9145,1
25,9235,11904,64,1465,17555,9152,1
25,9235,11923,64,1382,17657,9171,1
25,9228,11955,57,1331,17747,9196,1
25,9235,11987,57,1292,17760,9209,1
19,9248,12012,38,1267,17913,9222,1
19,9254,12032,44,1280,17856,9203,1
19,9280,12057,38,1312,17907,9241,1
19,9305,12076,38,1228,17900,9254,1
19,9318,12096,12,742,17772,9273,1
19,9331,12115,12,326,17625,9273,1
19,9331,12134,12,217,17593,9280,1
19,9344,12160,19,198,17516,9273,1
12,9363,12185,19,172,17388,9273,1
12,9388,12211,19,140,17356,9286,1
12,9408,12236,19,115,17203,9299,1
12,9427,12256,12,102,17241,9344,1
12,9446,12268,6,70,17164,9350,1
12,9472,12288,6,38,17030,9363,1
12,9484,12300,6,19,17030,9376,1
6,9497,12320,6,0,17017,9401,1
6,9523,12339,6,12,17024,9420,1
6,9536,12352,0,19,16940,9446,1
12,9548,12364,6,19,16972,9465,1
403,17721,1305,0,0,780,16588,2
428,17766,1331,0,0,780,16646,2
448,17798,1350,0,0,819,16684,2
473,17830,1369,0,0,825,16716,2
492,17875,1382,0,0,832,16742,2
512,17894,1388,0,0,838,16768,2
531,17913,1401,0,0,838,16793,2
544,17932,1414,0,0,838,16812,2
550,17958,1427,0,0,819,16838,2
563,17952,1369,0,0,780,16851,2
582,17958,1305,0,0,755,16876,2
556,17971,1267,0,0,755,16908,2
544,17984,1235,0,0,723,16940,2
524,17996,1209,0,0,704,16972,2
505,17996,1184,0,0,691,17011,2
492,18009,1158,0,0,633,17049,2
480,18022,1126,0,0,640,17081,2
473,18041,1100,0,0,601,17113,2
460,18048,1075,0,0,614,17139,2
441,18086,1113,0,0,640,17171,2
422,18118,1158,0,0,665,17196,2
448,18124,1177,0,0,665,17216,2
460,18137,1190,0,0,678,17235,2
473,18144,1203,0,0,691,17248,2
492,18150,1209,0,0,691,17260,2
505,18156,1216,0,0,704,17280,2
518,18163,1222,0,0,704,17292,2
524,18163,1228,0,0,704,17312,2
537,18169,1235,0,0,716,17331,2
556,18169,1241,0,0,716,17350,2
563,18169,1248,0,0,723,17363,2
569,18176,1254,6,0,729,17376,2
576,18182,1248,6,0,736,17382,2
582,18195,1241,6,0,736,17395,2
595,18201,1241,6,0,716,17420,2
595,18214,1241,6,0,729,17420,2
595,18220,1241,6,0,729,17427,2
601,18227,1235,6,0,729,17427,2
608,18233,1235,6,0,723,17427,2
608,18240,1235,6,0,710,17427,2
620,18240,1235,6,0,704,17433,2
633,18252,1241,0,0,697,17440,2
640,18252,1254,0,0,697,17446,2
646,18252,1267,0,0,691,17452,2
640,18259,1280,0,0,716,17440,2
646,18259,1286,0,0,723,17446,2
659,18265,1299,0,0,710,17452,2
659,18272,1305,0,0,710,17459,2
665,18278,1305,0,0,716,17472,2
672,18284,1305,0,0,729,17484,2
665,18291,1305,0,0,736,17491,2
665,18291,1299,0,0,742,17497,2
672,18297,1299,0,0,736,17504,2
672,18304,1292,0,0,748,17497,2
678,18316,1292,0,0,736,17510,2
684,18316,1299,0,0,729,17516,2
684,18316,1299,0,0,742,17529,2
691,18316,1305,0,0,748,17529,2
691,18336,1312,0,0,748,17529,2
697,18336,1318,0,0,755,17536,2
704,18336,1324,0,0,748,17542,2
704,18336,1331,0,0,736,17548,2
704,18342,1337,0,0,755,17561,2
716,18348,1344,0,0,755,17580,2
716,18336,1331,0,0,742,17580,2
716,18342,1324,0,0,748,17587,2
716,18348,1324,0,0,742,17587,2
723,18355,1312,0,0,736,17600,2
723,18355,1299,0,0,729,17619,2
716,18368,1286,0,0,716,17619,2
716,18374,1280,0,0,723,17619,2
723,18380,1273,0,0,736,17619,2
729,18380,1267,0,0,710,17612,2
729,18380,1260,0,0,710,17612,2
729,18387,1267,0,0,729,17619,2
729,18387,1273,0,0,736,17619,2
742,18387,1273,0,0,736,17619,2
736,18387,1286,0,0,748,17625,2
736,18374,1292,0,0,742,17619,2
736,18368,1305,0,0,755,17625,2
742,18368,1312,0,0,755,17632,2
742,18368,1312,0,0,748,17638,2
742,18368,1318,0,0,761,17644,2
742,18368,1318,0,0,780,17644,2
742,18368,1324,0,0,780,17644,2
748,18368,1324,0,0,780,17644,2
742,18368,1318,0,0,780,17651,2
748,18368,1312,0,0,774,17651,2
755,18368,1312,0,0,800,17651,2
761,18368,1305,0,0,793,17651,2
761,18368,1299,0,0,780,17651,2
761,18368,1292,0,0,787,17651,2
755,18380,1286,0,0,793,17651,2
755,18380,1286,0,0,768,17657,2
761,18380,1280,0,0,774,17657,2
768,18380,1273,0,0,780,17670,2
768,18380,1273,0,0,787,17670,2
768,18380,1280,0,0,793,17676,2
768,18380,1286,0,0,787,17683,2
768,18380,1286,0,0,793,17683,2
627,13676,1171,0,0,5132,17734,2
633,13728,1107,0,0,5088,17811,2
665,13766,1049,0,0,5075,17984,2
697,13804,1004,0,0,5068,18092,2
716,13830,960,0,6,5043,18144,2
729,13843,921,0,6,5075,18214,2
742,13862,864,0,6,5036,18348,2
748,13881,825,0,6,5049,18451,2
761,13894,787,0,6,5030,18534,2
780,13907,755,0,12,5036,18604,2
800,13920,748,0,12,5011,18668,2
825,13932,729,0,12,5030,18720,2
844,13945,716,0,12,5011,18771,2
851,13958,697,0,12,5024,18809,2
864,13977,697,0,6,5049,18854,2
870,14003,710,0,6,5024,18918,2
870,14028,716,0,6,5088,18950,2
876,14048,729,0,6,5107,18982,2
876,14073,736,0,6,5126,19008,2
883,14099,748,0,0,5139,19033,2
889,14124,748,0,0,5177,19059,2
889,14144,755,0,0,5171,19091,2
896,14144,755,0,0,5184,19097,2
915,14163,755,0,0,5164,19110,2
915,14176,755,0,0,5196,19116,2
915,14188,755,0,0,5209,19097,2
915,14201,761,0,0,5177,19116,2
921,14214,761,0,0,5158,19129,2
928,14227,761,0,0,5177,19142,2
928,14240,755,0,0,5190,19161,2
928,14246,761,0,0,5171,19168,2
934,14259,761,0,0,5190,19161,2
947,14291,761,0,0,5184,19174,2
953,14304,768,0,0,5203,19193,2
947,14316,774,0,0,5164,19219,2
953,14323,774,0,0,5171,19238,2
960,14329,774,0,0,5164,19238,2
960,14329,774,0,0,5164,19251,2
960,14329,774,0,0,5177,19276,2
960,14329,774,0,0,5171,19283,2
966,14329,774,0,0,5184,19289,2
972,14336,774,0,0,5177,19302,2
972,14336,774,0,0,5152,19321,2
972,14336,774,0,0,5145,19334,2
985,14342,774,0,0,5145,19340,2
992,14348,774,0,0,5139,19347,2
998,14348,774,0,0,5152,19372,2
998,14355,774,0,0,5145,19385,2
1004,14361,780,0,0,5132,19404,2
1004,14361,780,0,0,5139,19417,2
1004,14368,774,0,0,5139,19443,2
998,14368,774,0,0,5145,19462,2
998,14374,774,0,0,5184,19475,2
998,14380,780,0,0,5177,19488,2
998,14387,793,0,0,5184,19494,2
985,14393,800,0,0,5145,19500,2
979,14406,812,0,0,5145,19507,2
985,14419,819,0,0,5164,19513,2
979,14432,819,0,0,5132,19500,2
985,14451,832,0,0,5100,19507,2
38,15923,0,0,0,2457,23110,2
38,15827,0,0,0,2560,23097,2
38,15756,0,0,0,2643,23033,2
25,15865,0,0,0,2636,23155,2
25,15948,0,0,0,2656,23225,2
25,16019,0,0,0,2700,23276,2
19,16076,0,0,0,2707,23321,2
25,16128,0,0,0,2726,23353,2
38,16179,0,0,0,2739,23385,2
51,16230,0,0,0,2739,23411,2
57,16275,0,0,0,2758,23430,2
57,16320,0,0,0,2752,23456,2
70,16358,0,0,0,2771,23500,2
76,16384,0,0,0,2803,23545,2
76,16409,0,0,0,2790,23584,2
89,16428,0,0,0,2777,23616,2
102,16448,0,0,0,2803,23654,2
108,16467,0,0,0,2790,23712,2
108,16486,0,0,0,2816,23776,2
108,16499,0,0,0,2828,23827,2
115,16512,0,0,0,2835,23872,2
128,16524,0,0,0,2860,23910,2
128,16537,0,0,0,2873,23936,2
128,16556,0,0,0,2860,23980,2
128,16569,0,0,0,2892,24032,2
128,16582,0,0,0,2880,24089,2
128,16588,0,0,0,2880,24172,2
128,16595,0,0,0,2905,24217,2
128,16601,0,0,0,2867,24243,2
134,16608,0,0,0,2873,24300,2
134,16614,0,0,0,2873,24364,2
134,16620,0,0,0,2867,24435,2
134,16633,0,0,0,2886,24403,2
134,16633,0,0,0,2899,24377,2
134,16640,0,0,0,2899,24345,2
134,16646,0,0,0,2931,24326,2
134,16659,0,0,0,2912,24300,2
134,16672,0,0,0,2912,24204,2
134,16678,0,0,0,2944,24115,2
128,16684,0,0,0,2963,24012,2
128,16691,0,0,0,2982,23910,2
128,16697,0,0,0,2995,23788,2
128,16697,0,0,0,2995,23769,2
128,16710,0,0,0,3001,23744,2
121,16710,0,0,0,3014,23712,2
115,16716,0,0,0,3020,23660,2
115,16716,0,0,0,3040,23584,2
115,16723,0,0,0,3046,23603,2
115,16729,0,0,0,3046,23622,2
115,16729,0,0,0,3046,23641,2
121,16736,0,0,0,3046,23660,2
128,16742,0,0,0,3040,23699,2
121,16748,0,0,0,3046,23731,2
121,16748,0,0,0,3046,23756,2
128,16755,0,0,0,3040,23776,2
140,16755,0,0,0,3046,23795,2
140,16761,0,0,0,3052,23808,2
140,16768,0,0,0,3052,23820,2
140,16768,0,0,0,3065,23833,2
140,16780,0,0,0,3040,23852,2
947,15238,2080,0,6,4486,18796,2
953,15264,2080,0,6,4499,18841,2
966,15296,2080,0,6,4537,18892,2
979,15321,2099,0,6,4569,18931,2
998,15340,2105,0,6,4582,18988,2
1017,15360,2112,0,6,4601,19033,2
1030,15385,2118,0,12,4640,19084,2
1043,15398,2118,0,6,4697,19142,2
1049,15417,2124,0,6,4684,19193,2
1068,15443,2137,0,6,4672,19225,2
1088,15462,2150,0,6,4684,19270,2
1107,15481,2163,0,6,4684,19308,2
1120,15494,2176,0,6,4659,19347,2
1152,15513,2182,0,6,4665,19385,2
1164,15532,2195,0,6,4672,19424,2
1171,15545,2201,0,6,4691,19456,2
1184,15558,2208,0,0,4691,19488,2
1184,15584,2208,0,0,4665,19513,2
1196,15603,2208,0,0,4697,19539,2
1216,15616,2208,0,0,4710,19571,2
1228,15628,2208,0,0,4710,19596,2
1241,15641,2208,0,0,4716,19635,2
1260,15654,2208,0,0,4742,19667,2
1260,15660,2214,0,0,4748,19692,2
1286,15667,2214,0,0,4761,19705,2
1305,15680,2214,0,0,4736,19724,2
1318,15692,2208,0,0,4729,19737,2
1344,15705,2214,0,0,4710,19750,2
1363,15718,2220,0,0,4684,19776,2
1363,15731,2214,0,0,4684,19788,2
1369,15744,2201,0,0,4704,19801,2
1382,15756,2201,0,0,4710,19801,2
1395,15769,2201,0,0,4716,19801,2
1401,15782,2195,0,0,4716,19808,2
1395,15795,2188,0,0,4710,19820,2
1395,15801,2182,0,0,4742,19827,2
1395,15814,2182,0,0,4755,19833,2
1388,15820,2182,0,0,4780,19840,2
1376,15820,2176,0,0,4780,19833,2
1356,15820,2169,0,0,4774,19840,2
1344,15827,2176,0,0,4761,19846,2
1344,15833,2176,0,0,4755,19859,2
1324,15840,2176,0,0,4736,19872,2
1312,15846,2176,0,0,4729,19884,2
1312,15852,2182,0,0,4716,19897,2
1324,15859,2188,0,0,4710,19904,2
1337,15865,2195,0,0,4710,19916,2
1350,15872,2201,0,0,4710,19929,2
1369,15891,2208,0,0,4716,19942,2
1395,15897,2227,0,0,4742,19961,2
1408,15904,2240,0,0,4755,19980,2
1420,15910,2252,0,0,4742,19993,2
1433,15916,2265,0,0,4761,20006,2
1452,15916,2278,0,0,4780,20019,2
1459,15923,2284,0,0,4806,20032,2
1465,15929,2291,0,0,4812,20057,2
1472,15923,2297,0,0,4819,20064,2
1465,15923,2297,0,0,4825,20083,2
1459,15916,2304,0,0,4825,20102,2
1452,15923,2304,0,0,4825,20108,2
806,15155,2092,0,6,11417,17907,2
838,15200,2169,0,6,11443,17958,2
870,15232,2227,0,6,11468,18009,2
896,15257,2265,0,0,11494,18041,2
921,15283,2310,0,0,11507,18086,2
928,15296,2329,0,0,11532,18144,2
947,15321,2348,0,0,11552,18188,2
972,15328,2368,0,0,11564,18227,2
998,15347,2380,0,0,11584,18272,2
1043,15360,2393,0,0,11590,18304,2
1075,15379,2406,0,0,11590,18342,2
1094,15392,2412,0,0,11596,18368,2
1107,15404,2425,0,0,11590,18406,2
1126,15417,2438,0,0,11590,18438,2
1145,15430,2444,0,0,11603,18464,2
1164,15456,2457,0,0,11603,18483,2
1177,15456,2464,0,0,11603,18502,2
1177,15456,2470,0,0,11603,18528,2
1190,15462,2476,0,0,11603,18547,2
1190,15468,2476,0,0,11609,18560,2
1190,15475,2483,0,0,11616,18572,2
1196,15488,2489,0,0,11616,18598,2
1203,15500,2489,0,0,11635,18598,2
1209,15500,2489,0,0,11641,18604,2
1209,15513,2483,0,0,11641,18611,2
1209,15507,2483,0,0,11654,18617,2
1216,15520,2483,0,0,11660,18624,2
1235,15539,2489,0,0,11660,18630,2
1248,15552,2489,0,0,11667,18636,2
1254,15564,2502,0,0,11673,18656,2
1267,15577,2508,0,0,11680,18662,2
1267,15584,2515,0,0,11699,18662,2
1273,15590,2521,0,0,11705,18668,2
1292,15462,2412,0,0,11641,18649,2
1280,15404,2329,0,0,11564,18624,2
1280,15366,2259,0,0,11481,18604,2
1260,15334,2195,0,0,11404,18592,2
1222,15302,2131,0,0,11340,18579,2
1177,15276,2086,0,0,11289,18572,2
1152,15257,2035,0,0,11244,18560,2
1132,15238,1984,0,0,11200,18560,2
1126,15225,1932,0,0,11148,18560,2
1094,15212,1888,0,0,11104,18560,2
1043,15347,1964,0,0,11136,18592,2
1043,15404,2028,0,0,11187,18630,2
1049,15449,2080,0,0,11238,18656,2
1062,15488,2124,0,0,11283,18675,2
1081,15520,2163,0,0,11328,18694,2
1113,15552,2188,0,0,11347,18707,2
1139,15577,2201,0,0,11360,18726,2
1145,15596,2227,0,0,11379,18739,2
1152,15616,2259,0,0,11398,18758,2
1177,15635,2284,0,0,11404,18784,2
1209,15654,2297,0,0,11417,18803,2
1222,15673,2304,6,0,11424,18822,2
1216,15686,2304,6,0,11436,18848,2
1216,15705,2310,6,0,11449,18880,2
1228,15718,2310,6,0,11456,18899,2
1241,15724,2304,6,0,11468,18918,2
1241,15731,2310,6,0,11481,18937,2
6,6380,20396,5734,6,5478,6336,3
6,6438,20428,5734,6,5504,6342,3
6,6489,20460,5747,6,5516,6348,3
6,6547,20486,5747,6,5542,6336,3
0,6585,20512,5747,6,5587,6329,3
6,6624,20531,5753,6,5593,6316,3
6,6662,20550,5792,0,5612,6310,3
6,6694,20582,5830,0,5632,6304,3
12,6720,20576,5907,0,5657,6284,3
12,6745,20595,5977,0,5657,6272,3
12,6771,20601,6016,0,5683,6265,3
12,6796,20620,6067,0,5696,6259,3
12,6822,20633,6099,0,5728,6246,3
19,6841,20646,6131,0,5734,6246,3
19,6867,20672,6163,0,5747,6246,3
12,6880,20697,5862,0,5772,6182,3
12,6892,20729,5676,0,5772,6131,3
12,6796,20780,5465,0,5792,6124,3
6,6598,20889,5088,0,5830,6099,3
6,6438,20960,4748,0,5836,6086,3
6,6393,21004,4454,0,5811,6060,3
6,6400,21030,4268,0,5824,6054,3
6,6412,21056,4128,0,5836,6060,3
0,6432,21081,4000,0,5836,6060,3
0,6457,21094,3878,0,5830,6067,3
0,6489,21113,4089,0,5894,6131,3
0,6521,21126,4166,0,5920,6195,3
6,6662,21107,4281,0,5907,6220,3
6,6899,21062,4537,6,5920,6265,3
6,7110,21024,4748,6,5958,6297,3
6,7193,21030,4947,6,6022,6342,3
6,7212,21036,5043,6,6035,6361,3
6,7244,21049,5094,6,6028,6380,3
6,7264,21062,5126,6,6022,6393,3
6,7276,21075,5132,6,6022,6400,3
6,7296,21081,5132,6,5958,6406,3
6,7315,21088,5152,6,5907,6419,3
0,7340,21081,5184,6,5907,6425,3
0,7360,21088,5292,0,5836,6432,3
6,7366,21094,5363,0,5824,6432,3
12,7379,21094,5427,0,5772,6438,3
12,7424,21107,5478,0,5760,6444,3
12,7443,21113,5542,0,5728,6444,3
19,7468,21120,5574,6,5728,6451,3
25,7488,21126,5644,6,5728,6470,3
25,7500,21132,5721,6,5747,6489,3
25,7513,21132,5792,6,5702,6502,3
32,7520,21158,5785,6,5657,6515,3
38,7532,21164,5760,6,5683,6540,3
32,7545,21177,5747,6,5587,6560,3
25,7558,21184,5747,6,5587,6566,3
32,7545,21190,5747,6,5580,6572,3
32,7545,21190,5747,6,5548,6585,3
25,7545,21196,5792,0,5600,6592,3
19,7552,21196,5830,6,5536,6592,3
19,7552,21203,5856,6,5523,6598,3
25,7558,21216,5843,6,5478,6604,3
25,7564,21222,5913,6,5510,6598,3
19,7571,21228,5971,6,5465,6585,3
25,7577,21228,6035,6,5542,6592,3
25,7584,21235,6022,6,5427,6598,3
19,7603,21241,6022,6,5408,6611,3
19,7616,21248,6022,6,5420,6617,3
19,7628,21254,6028,6,5350,6636,3
25,7635,21267,6003,0,5414,6649,3
25,7648,21267,6009,0,5395,6656,3
19,7660,21273,6022,0,5542,6662,3
12,7673,21280,6035,0,5548,6681,3
19,7686,21286,6035,0,5600,6700,3
12,7699,21292,6035,0,5580,6707,3
12,7718,21305,6099,0,5664,6713,3
12,7724,21305,6163,0,5715,6720,3
12,7737,21305,6201,6,5740,6739,3
12,7756,21305,6220,6,5734,6745,3
6,7763,21305,6246,6,5740,6752,3
6,7776,21312,6252,6,5702,6758,3
12,7782,21312,6259,12,5715,6764,3
12,7788,21312,6246,19,5702,6771,3
12,7788,21312,6240,19,5708,6764,3
12,7801,21312,6220,19,5702,6752,3
12,7801,21312,6195,19,5734,6745,3
12,7814,21312,6150,19,5747,6745,3
19,7814,21318,6131,12,5740,6739,3
19,7814,21318,6112,12,5702,6745,3
25,7827,21318,6099,12,5670,6752,3
25,7827,21324,6156,12,5760,6752,3
25,7833,21324,6214,6,5651,6752,3
25,7846,21324,6188,0,5632,6758,3
19,7865,21324,6163,0,5606,6771,3
19,7872,21331,6150,0,5664,6796,3
19,7891,21324,6118,0,5651,6816,3
25,7904,21324,6099,0,5548,6835,3
19,7916,21331,6060,0,5574,6841,3
19,7929,21331,6041,0,5657,6848,3
12,7942,21337,6022,0,5587,6854,3
12,7961,21337,5920,0,5606,6873,3
6,7980,21344,5830,0,5644,6892,3
6,7993,21350,5843,0,5664,6905,3
6,8006,21356,5868,0,5689,6912,3
6,8019,21356,5964,0,5619,6924,3
1536,15891,6496,896,6,11014,7532,3
1574,15923,6515,838,6,11020,7552,3
1606,15955,6534,768,0,11033,7577,3
1612,15980,6560,780,0,11046,7628,3
1606,16006,6572,812,0,11072,7660,3
1619,16025,6585,838,6,11084,7712,3
1632,16051,6592,851,6,11097,7737,3
1644,16070,6604,857,6,11116,7756,3
1651,16089,6624,864,6,11129,7776,3
1664,16108,6643,870,12,11142,7795,3
1676,16128,6656,889,12,11155,7827,3
1683,16166,6662,883,19,11168,7859,3
1696,16185,6668,896,25,11174,7891,3
1715,16211,6668,908,25,11187,7929,3
1728,16230,6668,915,25,11193,7961,3
1728,16249,6668,896,19,11200,7987,3
1740,16268,6668,889,19,11206,8006,3
1753,16288,6668,896,19,11212,8019,3
1772,16300,6662,896,19,11219,8025,3
1785,16313,6662,889,19,11225,8019,3
1798,16326,6668,889,25,11232,8006,3
1811,16326,6675,908,19,11232,7993,3
1824,16339,6675,908,12,11232,7980,3
1830,16345,6681,896,12,11232,7968,3
1836,16352,6681,876,12,11238,7961,3
1849,16358,6681,876,12,11244,7948,3
1856,16358,6681,883,12,11257,7955,3
1875,16364,6675,889,12,11264,7961,3
1881,16371,6681,889,19,11270,7968,3
1894,16384,6688,902,12,11270,7987,3
1907,16396,6688,915,6,11264,8000,3
1920,16403,6688,908,6,11270,8019,3
1920,16416,6688,902,6,11276,8025,3
1926,16422,6688,896,6,11276,8019,3
1939,16428,6700,908,6,11283,8025,3
1952,16435,6707,921,6,11289,8038,3
1958,16441,6720,915,6,11289,8051,3
1952,16448,6732,921,6,11289,8064,3
1952,16460,6739,940,0,11289,8064,3
1952,16467,6752,947,0,11296,8070,3
1952,16473,6764,934,0,11308,8076,3
1945,16480,6771,921,0,11315,8083,3
1952,16480,6790,908,0,11328,8102,3
1958,16486,6796,915,0,11340,8134,3
1958,16492,6796,915,0,11347,8160,3
1958,16499,6809,908,0,11353,8172,3
1964,16505,6809,928,0,11360,8185,3
1971,16518,6809,934,0,11366,8204,3
1977,16518,6816,940,0,11366,8230,3
1971,16531,6816,934,6,11366,8249,3
1971,16550,6816,915,6,11366,8262,3
1977,16556,6822,908,6,11372,8275,3
1984,16563,6822,915,12,11372,8288,3
1990,16569,6822,902,12,11372,8294,3
1990,16576,6828,889,12,11372,8300,3
1990,16588,6828,902,12,11366,8313,3
1996,16595,6835,908,12,11360,8332,3
2003,16601,6848,889,12,11353,8345,3
2003,16608,6848,857,19,11360,8358,3
2016,16608,6854,838,12,11366,8371,3
1651,13388,5683,0,0,14105,6995,3
1632,13414,5683,6,0,14131,6963,3
1600,13465,5728,12,0,14150,6918,3
1593,13497,5772,12,0,14169,6899,3
1593,13536,5817,12,0,14176,6880,3
1580,13568,5836,12,0,14188,6867,3
1580,13593,5875,19,0,14188,6854,3
1574,13625,5913,25,0,14201,6848,3
1568,13651,5952,25,0,14208,6841,3
1561,13676,5984,25,0,14220,6835,3
1568,13702,6016,25,0,14240,6860,3
1593,13734,6048,25,0,14240,6912,3
1638,13740,6035,19,0,14240,6963,3
1657,13766,6028,19,0,14233,6995,3
1657,13785,6022,19,0,14246,7014,3
1676,13804,6048,19,0,14252,7040,3
1683,13824,6054,12,0,14272,7040,3
1689,13836,6060,6,0,14278,7046,3
1696,13849,6060,6,12,14291,7052,3
1702,13862,6067,12,12,14297,7046,3
1708,13881,6073,32,12,14304,7033,3
1715,13894,6080,51,19,14310,7027,3
1715,13913,6092,64,25,14323,7014,3
1715,13926,6099,64,25,14342,6988,3
1728,13939,6105,64,25,14348,6995,3
1734,13952,6112,64,25,14355,6988,3
1747,13964,6112,64,25,14355,6995,3
1766,13977,6105,64,25,14355,6988,3
1792,13996,6112,76,12,14348,6982,3
1798,14009,6112,89,51,14361,7001,3
1817,14009,6067,70,51,14387,7040,3
1830,14022,6028,44,44,14412,7072,3
1836,14028,5990,32,38,14451,7123,3
1843,14035,5952,32,38,14470,7180,3
1843,14048,5907,32,38,14502,7225,3
1843,14054,5862,32,44,14528,7276,3
1830,14060,5830,32,44,14560,7321,3
1824,14067,5804,32,44,14598,7372,3
1811,14073,5766,19,44,14630,7424,3
1817,14086,5734,0,6,14649,7468,3
1804,14105,5753,0,6,14656,7500,3
1792,14118,5766,0,6,14662,7532,3
1792,14124,5772,0,6,14662,7552,3
1798,14137,5779,0,6,14675,7571,3
1804,14144,5785,0,6,14681,7584,3
1811,14150,5785,0,0,14688,7596,3
1817,14163,5792,0,0,14688,7616,3
1824,14176,5792,0,0,14681,7628,3
1836,14182,5798,6,6,14675,7648,3
1843,14195,5798,6,12,14675,7654,3
1856,14208,5792,6,12,14675,7667,3
1868,14214,5785,6,12,14675,7680,3
1881,14227,5785,6,12,14668,7692,3
1888,14233,5772,6,12,14668,7705,3
1894,14240,5779,6,12,14668,7724,3
1900,14252,5779,6,12,14668,7731,3
1920,14259,5772,6,12,14675,7750,3
1932,14265,5772,6,12,14681,7769,3
1932,14272,5766,6,6,14688,7776,3
1932,14278,5766,6,0,14694,7795,3
1369,12966,7929,384,0,15187,8665,3
1459,12985,7878,428,0,15212,8710,3
1555,13062,7840,480,6,15206,8729,3
1625,13228,7795,505,6,15187,8748,3
1657,13344,7769,486,6,15212,8787,3
1670,13408,7769,467,6,15238,8819,3
1676,13472,7769,448,6,15289,8864,3
1676,13555,7782,448,6,15321,8896,3
1670,13606,7801,435,6,15353,8915,3
1670,13644,7808,416,6,15379,8928,3
1670,13676,7814,416,6,15404,8940,3
1651,13708,7840,416,6,15424,8960,3
1625,13740,7859,409,0,15443,8985,3
1644,13766,7878,403,0,15462,9011,3
1657,13792,7891,409,0,15481,9036,3
1670,13824,7910,416,0,15500,9056,3
1683,13849,7923,422,6,15513,9068,3
1689,13836,7929,416,6,15532,9088,3
1702,13849,7936,422,6,15558,9107,3
1708,13862,7948,435,6,15571,9120,3
1721,13875,7955,428,6,15584,9126,3
1708,13888,7961,422,6,15596,9126,3
1702,13894,7968,409,6,15609,9113,3
1702,13907,7961,409,6,15622,9107,3
1708,13894,7961,403,6,15635,9107,3
1708,13907,7955,396,6,15648,9107,3
1715,13920,7955,384,0,15654,9113,3
1728,13939,7968,371,0,15667,9113,3
1740,13958,7974,364,0,15667,9120,3
1760,13977,7974,364,0,15680,9132,3
1766,13996,7987,364,0,15692,9145,3
1785,14016,7993,358,0,15699,9158,3
1804,14035,8000,358,0,15712,9177,3
1811,14054,8012,352,0,15718,9190,3
1824,14092,8032,345,0,15724,9196,3
1843,14099,8044,332,0,15744,9203,3
1856,14112,8051,326,0,15750,9209,3
1868,14118,8057,339,0,15750,9209,3
1888,14124,8057,339,0,15750,9203,3
1888,14131,8064,326,0,15756,9196,3
1894,14144,8070,313,0,15763,9190,3
1907,14144,8070,307,0,15782,9184,3
1926,14144,8076,307,0,15788,9184,3
1945,14150,8083,307,0,15795,9184,3
1920,14150,8089,320,0,15801,9171,3
1881,14163,8102,332,0,15788,9152,3
1868,14176,8096,345,0,15788,9139,3
1856,14188,8096,352,0,15795,9139,3
1830,14201,8102,358,0,15801,9139,3
1817,14220,8108,364,0,15801,9139,3
1817,14227,8108,371,0,15801,9139,3
1811,14240,8121,384,0,15795,9132,3
1785,14259,8128,384,0,15795,9126,3
1772,14265,8140,384,0,15795,9120,3
1798,14284,8134,371,6,15801,9120,3
1836,14291,8134,364,6,15814,9126,3
1849,14297,8153,358,6,15827,9132,3
1843,14304,8160,345,6,15827,9139,3
1849,14310,8166,320,6,15833,9145,3
1849,14310,8166,307,6,15852,9152,3
339,15916,10086,64,6,12083,11513,3
358,15942,10080,64,6,12089,11526,3
384,15974,10080,76,12,12096,11545,3
416,16000,10073,70,12,12096,11552,3
448,16025,10067,70,12,12102,11552,3
480,16057,10067,76,6,12108,11577,3
518,16083,10054,44,6,12121,11590,3
537,16096,10048,25,6,12134,11622,3
556,16115,10067,25,6,12147,11660,3
563,16140,10073,25,6,12160,11686,3
582,16166,10092,25,6,12160,11724,3
614,16179,10118,25,6,12172,11750,3
633,16185,10124,12,0,12185,11769,3
652,16192,10144,12,0,12198,11788,3
665,16198,10163,12,0,12204,11814,3
678,16198,10176,6,0,12211,11827,3
684,16204,10195,12,0,12217,11846,3
691,16211,10208,12,0,12230,11852,3
697,16217,10220,12,0,12236,11859,3
723,16217,10220,12,0,12249,11872,3
736,16224,10227,12,0,12262,11872,3
742,16236,10227,12,0,12268,11872,3
748,16249,10240,12,0,12275,11872,3
755,16262,10240,12,0,12281,11878,3
761,16268,10240,12,0,12294,11878,3
768,16288,10240,12,6,12307,11878,3
780,16294,10246,12,6,12313,11884,3
787,16300,10246,6,6,12320,11897,3
793,16307,10246,6,12,12326,11916,3
793,16320,10259,6,12,12326,11923,3
800,16326,10265,6,12,12332,11929,3
800,16326,10272,12,12,12345,11936,3
806,16332,10278,12,12,12358,11942,3
812,16339,10284,12,12,12364,11948,3
819,16352,10297,12,12,12371,11961,3
825,16352,10304,12,6,12377,11968,3
825,16358,10297,12,6,12384,11968,3
844,16364,10284,12,6,12390,11961,3
915,16371,10233,12,0,12396,11942,3
960,16371,10195,19,0,12396,11929,3
992,16377,10156,19,0,12396,11923,3
1017,16390,10118,12,0,12390,11923,3
1049,16396,10080,12,0,12390,11929,3
1088,16403,10048,12,0,12396,11916,3
1132,16409,10009,12,6,12396,11904,3
1184,16416,9977,12,6,12396,11891,3
1228,16422,9945,6,6,12396,11891,3
1254,16435,9926,6,6,12403,11891,3
1203,16448,9945,12,6,12409,11904,3
1203,16460,9952,6,6,12422,11916,3
1209,16473,9958,6,6,12435,11929,3
1209,16480,9964,6,6,12448,11942,3
1190,16486,9977,12,6,12454,11929,3
1158,16492,9996,19,6,12454,11923,3
1126,16505,10009,38,0,12454,11923,3
1088,16518,10022,57,0,12454,11923,3
1049,16531,10048,70,0,12454,11910,3
1011,16537,10073,89,0,12454,11910,3
1004,16550,10092,108,0,12467,11904,3
972,16563,10124,121,0,12460,11897,3
102,12428,12812,12,883,9331,4352,4
102,12608,12953,12,710,9376,4345,4
115,12672,13030,12,736,9440,4435,4
121,12736,13107,12,723,9497,4486,4
121,12793,13177,12,704,9638,4518,4
115,12844,13228,12,672,9728,4563,4
96,12883,13280,12,652,9996,4665,4
89,12908,13331,6,620,10393,4787,4
89,12934,13376,6,601,10995,4908,4
76,12972,13433,6,550,11692,4793,4
64,12844,13484,0,524,12448,4723,4
57,12761,13523,0,486,13062,4748,4
44,12672,13568,0,441,13561,4780,4
51,12576,13612,0,409,14112,4851,4
57,12480,13644,0,371,14572,4928,4
64,12377,13676,0,339,14803,5011,4
83,12294,13715,0,326,14796,5024,4
96,12211,13747,6,326,14521,5017,4
96,12128,13772,6,320,13945,4998,4
108,12032,13792,6,320,13299,5222,4
121,12089,13811,6,313,12608,5382,4
134,12102,13830,6,332,12006,5459,4
147,12121,13843,6,364,11539,5523,4
147,12140,13856,12,384,11033,5574,4
140,12160,13875,12,403,10566,5612,4
140,12179,13900,12,428,10297,5657,4
121,12204,13926,12,428,10105,5702,4
121,12076,13907,6,524,10060,5286,4
121,11795,13804,44,819,10924,4729,4
108,11654,13836,44,787,11225,4300,4
96,11769,14137,44,748,11648,3744,4
76,11731,14214,44,704,11833,3500,4
76,11692,14297,44,652,11993,3244,4
76,11660,14400,44,614,12179,2982,4
76,11648,14496,44,582,12422,2752,4
76,11635,14617,44,550,12768,2508,4
96,11616,14726,44,518,13203,2272,4
108,11750,14892,44,396,13593,2502,4
108,12025,15148,6,76,13248,2873,4
121,12172,15264,6,102,13408,3116,4
134,12070,15110,6,108,13568,3494,4
153,12128,15187,6,115,13888,3564,4
153,12185,15257,6,121,14342,3641,4
160,12230,15308,0,134,14688,3712,4
166,12249,15360,0,140,14918,3756,4
172,12268,15385,0,134,15187,3808,4
172,12294,15417,0,140,15436,3852,4
166,12320,15456,0,134,15648,3891,4
160,12358,15494,0,128,15891,3936,4
160,12377,15532,0,108,16147,3974,4
166,12396,15571,0,115,16320,4006,4
160,12416,15609,6,115,16588,4025,4
160,12428,15641,6,121,16768,4051,4
160,12448,15673,6,102,17024,4070,4
153,12473,15718,6,96,17363,4089,4
147,12505,15756,12,89,17606,4102,4
140,12524,15795,12,83,17817,4115,4
134,12544,15814,12,83,18054,4121,4
147,12563,15833,12,70,18214,4096,4
140,12588,15852,12,64,18400,4083,4
134,12608,15872,12,57,18592,4083,4
140,12620,15878,6,57,18777,4089,4
147,12640,15891,6,64,19008,4089,4
147,12659,15910,6,64,19187,4083,4
147,12672,15916,6,57,19372,4076,4
160,12691,15923,0,64,19526,4070,4
179,12710,15929,6,83,19654,4070,4
192,12729,15942,6,83,19820,4064,4
192,12742,15948,6,96,19968,4083,4
211,12768,15955,6,102,20166,4089,4
224,12780,15961,6,102,20268,4102,4
224,12793,15974,6,102,20435,4115,4
217,12800,15987,6,115,20492,4121,4
224,12812,15987,12,115,20620,4140,4
236,12819,16000,12,128,20684,4166,4
236,12825,16012,12,140,20780,4179,4
230,12832,16025,6,134,20806,4192,4
236,12838,16019,6,134,20883,4211,4
249,12844,16019,6,134,20908,4217,4
262,12832,16019,6,147,20934,4230,4
268,12838,16019,12,179,20953,4224,4
288,12844,16019,19,179,20934,4224,4
313,12851,16019,25,172,20940,4224,4
320,12851,16025,19,179,20947,4217,4
332,12857,16032,19,198,20947,4204,4
339,12857,16038,19,192,20953,4204,4
345,12857,16044,19,204,20960,4198,4
352,12864,16064,19,211,20960,4198,4
352,12864,16089,19,243,20960,4204,4
345,12876,16102,19,243,20960,4204,4
345,12883,16121,12,211,20972,4185,4
326,12908,16140,12,204,20998,4064,4
313,12934,16166,44,211,20998,3948,4
313,12940,16204,83,243,20998,3859,4
300,12953,16230,128,243,20992,3763,4
307,12966,16249,153,294,20992,3667,4
300,12979,16256,204,313,20985,3571,4
294,12985,16281,249,384,20985,3481,4
288,12992,16294,275,422,20985,3404,4
294,12985,16313,300,486,20985,3321,4
134,9753,9036,0,172,25094,460,4
134,9868,9068,0,192,25145,448,4
134,9964,9088,0,185,25222,422,4
134,10041,9145,0,179,25273,416,4
128,10124,9222,0,217,25324,396,4
128,10188,9267,0,268,25376,384,4
128,10252,9318,0,313,25414,371,4
128,10310,9356,0,371,25452,358,4
128,10361,9382,0,441,25491,352,4
128,10406,9408,0,524,25516,358,4
128,10432,9420,0,563,25536,390,4
134,10457,9433,0,556,25548,416,4
134,10483,9452,0,537,25568,435,4
134,10515,9440,0,537,25580,454,4
134,10534,9452,0,524,25593,480,4
134,10553,9459,0,505,25606,499,4
134,10566,9465,0,492,25619,524,4
134,10579,9472,0,473,25632,550,4
134,10604,9491,0,473,25638,563,4
134,10630,9504,0,480,25644,576,4
140,10649,9523,0,492,25670,582,4
134,10668,9555,0,512,25657,576,4
134,10694,9574,0,531,25651,576,4
134,10720,9619,0,537,25651,582,4
134,10745,9632,0,524,25644,595,4
134,10777,9664,0,512,25644,608,4
134,10816,9689,0,499,25644,614,4
140,10854,9715,0,492,25644,627,4
147,10860,9734,0,448,25644,652,4
153,10886,9753,0,409,25644,678,4
147,10905,9766,0,358,25625,710,4
153,10924,9766,0,339,25644,755,4
153,10944,9772,0,320,25644,780,4
153,10956,9779,0,313,25657,800,4
160,10969,9792,0,339,25689,812,4
166,10976,9792,0,358,25708,825,4
166,10976,9792,0,371,25715,838,4
160,10976,9798,0,377,25721,851,4
153,11001,9804,0,403,25728,857,4
147,11014,9811,0,416,25740,864,4
153,11033,9811,0,435,25753,857,4
147,11059,9824,6,448,25766,851,4
153,11065,9830,6,486,25785,857,4
153,11078,9836,6,524,25792,857,4
153,11091,9843,6,556,25779,864,4
147,11104,9849,6,595,25772,870,4
153,11116,9856,6,633,25779,883,4
160,11136,9836,6,672,25792,889,4
166,11142,9817,6,704,25804,889,4
172,11142,9811,6,716,25811,889,4
166,11142,9811,6,729,25817,902,4
166,11142,9804,0,736,25824,908,4
166,11155,9804,0,736,25830,908,4
172,11161,9804,0,742,25830,915,4
166,11187,9804,0,742,25843,921,4
166,11200,9804,0,742,25856,921,4
160,11212,9804,0,748,25875,921,4
153,11219,9817,0,774,25875,921,4
153,11232,9843,0,800,25875,928,4
153,11244,9856,6,787,25875,934,4
320,12268,5337,0,4774,21100,11155,4
326,12294,5369,0,4768,21132,11174,4
326,12320,5395,0,4787,21164,11174,4
320,12339,5408,0,4748,21190,11180,4
313,12364,5420,0,4691,21216,11174,4
313,12390,5440,0,4652,21241,11174,4
313,12409,5452,0,4665,21260,11174,4
313,12422,5465,0,4665,21299,11174,4
320,12441,5472,0,4608,21318,11180,4
320,12460,5484,0,4588,21344,11193,4
326,12473,5497,0,4531,21363,11193,4
320,12486,5497,0,4454,21382,11193,4
320,12505,5510,0,4307,21395,11212,4
326,12524,5529,6,4243,21408,11225,4
326,12537,5548,6,4217,21420,11244,4
332,12550,5568,6,4204,21414,11257,4
339,12563,5580,6,4192,21433,11270,4
345,12576,5593,6,4192,21433,11276,4
352,12582,5606,6,4243,21446,11289,4
358,12588,5612,6,4281,21452,11296,4
364,12608,5625,6,4326,21459,11315,4
377,12614,5644,6,4339,21465,11340,4
390,12620,5657,6,4384,21472,11366,4
409,12627,5664,0,4352,21478,11379,4
435,12640,5670,0,4313,21478,11392,4
460,12652,5676,0,4288,21491,11404,4
486,12672,5689,0,4268,21484,11424,4
512,12691,5696,0,4275,21478,11443,4
550,12704,5683,0,4313,21478,11456,4
576,12704,5664,0,4320,21484,11481,4
588,12697,5644,0,4313,21491,11500,4
601,12704,5625,0,4332,21497,11513,4
608,12716,5612,0,4352,21504,11520,4
614,12716,5606,0,4390,21516,11526,4
614,12716,5600,0,4448,21529,11532,4
608,12716,5587,0,4492,21555,11552,4
608,12710,5574,6,4556,21555,11564,4
608,12704,5568,12,4601,21574,11584,4
588,12704,5580,12,4601,21587,11603,4
588,12716,5606,12,4582,21593,11616,4
595,12729,5625,12,4569,21600,11622,4
601,12742,5651,19,4550,21606,11628,4
608,12748,5670,19,4537,21612,11635,4
614,12761,5683,19,4524,21612,11648,4
620,12768,5689,19,4531,21619,11660,4
627,12787,5702,19,4550,21612,11660,4
627,12812,5708,12,4556,21632,11667,4
627,12819,5721,6,4544,21638,11660,4
640,12825,5734,6,4537,21644,11667,4
640,12832,5740,6,4550,21651,11667,4
640,12832,5747,12,4556,21657,11673,4
640,12832,5753,6,4576,21664,11686,4
646,12832,5753,6,4595,21670,11692,4
646,12838,5753,6,4659,21676,11699,4
646,12844,5760,6,4697,21683,11699,4
652,12838,5760,6,4723,21683,11705,4
659,12819,5766,6,4742,21696,11705,4
665,12825,5766,6,4761,21696,11712,4
665,12832,5766,6,4768,21702,11712,4
672,12838,5766,6,4787,21702,11718,4
761,12883,4313,0,1472,14348,12627,4
787,12908,4332,0,1446,14355,12672,4
819,12921,4352,0,1395,14374,12710,4
838,12934,4364,0,1388,14380,12742,4
857,12947,4371,0,1382,14380,12768,4
876,12966,4377,0,1350,14393,12800,4
896,12979,4390,0,1331,14400,12825,4
915,12992,4403,6,1318,14412,12844,4
928,13017,4422,6,1318,14425,12870,4
928,13043,4435,12,1337,14432,12896,4
928,13062,4448,19,1337,14438,12915,4
934,13075,4460,19,1350,14444,12934,4
934,13094,4467,19,1382,14444,12953,4
940,13113,4473,19,1382,14451,12972,4
940,13126,4480,19,1401,14470,12992,4
953,13139,4480,19,1408,14483,13011,4
953,13152,4486,19,1382,14489,13030,4
960,13171,4486,12,1350,14617,13062,4
972,13177,4486,12,1331,14617,13088,4
985,13177,4492,6,1286,14624,13113,4
998,13184,4499,6,1248,14617,13139,4
1004,13196,4505,6,1222,14617,13164,4
1017,13203,4505,12,1196,14624,13184,4
1024,13209,4512,12,1171,14617,13209,4
1036,13216,4512,12,1126,14617,13241,4
1036,13222,4518,12,1088,14624,13260,4
1049,13228,4524,12,1094,14771,13280,4
1056,13228,4537,12,1107,14656,13292,4
1062,13241,4550,12,1107,14668,13299,4
1068,13254,4556,12,1126,14675,13312,4
1075,13273,4569,6,1139,14688,13324,4
1081,13286,4576,6,1145,14700,13337,4
1088,13286,4595,0,1145,14713,13356,4
1100,13292,4601,0,1139,14732,13369,4
1100,13305,4620,0,1139,14745,13376,4
1100,13318,4633,0,1139,14905,13395,4
1100,13331,4640,0,1145,14777,13414,4
1100,13344,4646,0,1152,14790,13414,4
1100,13350,4652,0,1158,14803,13433,4
1100,13356,4665,0,1158,14803,13446,4
1107,13363,4665,0,1158,14803,13452,4
1113,13369,4672,0,1158,14803,13459,4
1107,13388,4678,0,1164,14796,13472,4
1100,13401,4691,0,1164,14790,13465,4
1107,13408,4697,0,1164,14924,13465,4
1107,13414,4704,0,1171,14771,13459,4
1107,13414,4710,0,1171,14764,13452,4
1107,13427,4723,0,1171,14758,13459,4
1107,13440,4723,0,1158,14739,13452,4
1113,13452,4723,0,1145,14771,13452,4
1107,13459,4729,0,1158,14771,13452,4
1113,13465,4736,0,1184,14777,13452,4
1120,13472,4736,0,1209,14790,13440,4
1126,13478,4742,0,1248,14809,13452,4
1126,13484,4742,0,1260,14668,13459,4
1132,13491,4742,0,1260,14668,13465,4
1139,13504,4736,0,1254,14675,13472,4
1145,13504,4723,0,1241,14675,13478,4
1152,13504,4723,0,1248,14688,13484,4
1152,13504,4716,0,1273,14790,13478,4
480,14124,9094,12,1203,19347,8230,4
505,13958,9049,6,1190,19315,8371,4
524,13798,9004,6,1171,19276,8499,4
537,13644,8966,6,1145,19251,8646,4
550,13619,8979,6,1017,19200,8787,4
569,13664,9043,12,934,19155,8889,4
576,13721,9100,12,915,19180,8960,4
569,13753,9139,19,896,19200,9011,4
569,13798,9171,25,870,19225,9049,4
569,13830,9209,25,864,19244,9075,4
576,13856,9241,25,851,19257,9107,4
576,13888,9273,25,844,19270,9113,4
576,13913,9305,25,832,19283,9139,4
582,13932,9331,25,832,19302,9164,4
582,13952,9363,32,838,19315,9190,4
582,13977,9382,25,838,19328,9216,4
582,13990,9395,25,844,19340,9241,4
595,14003,9433,19,857,19353,9254,4
608,14009,9465,12,870,19360,9273,4
614,14022,9478,12,883,19366,9292,4
614,14035,9491,6,896,19372,9318,4
614,14041,9504,6,908,19385,9337,4
620,14048,9516,6,934,19398,9356,4
620,14054,9529,6,953,19411,9376,4
633,14060,9536,0,960,19417,9395,4
633,14060,9542,0,960,19430,9401,4
640,14067,9548,0,960,19443,9414,4
640,14073,9548,6,960,19449,9433,4
646,14080,9536,6,966,19462,9446,4
652,14086,9542,6,972,19475,9459,4
659,14092,9542,6,979,19481,9465,4
672,14092,9542,6,979,19488,9465,4
678,14092,9536,12,979,19488,9478,4
684,14092,9529,12,979,19488,9484,4
684,14099,9523,19,979,19494,9491,4
691,14099,9523,19,985,19494,9510,4
697,14099,9523,19,985,19488,9529,4
704,14105,9516,12,985,19488,9548,4
704,14112,9529,19,985,19481,9574,4
704,14112,9536,19,985,19488,9593,4
704,14112,9542,19,979,19500,9619,4
697,14118,9548,19,979,19475,9651,4
691,14124,9568,12,966,19475,9664,4
691,14131,9580,12,953,19475,9683,4
691,14131,9600,6,940,19475,9708,4
691,14137,9606,6,928,19475,9728,4
691,14150,9619,6,921,19481,9740,4
691,14156,9625,6,915,19488,9760,4
691,14163,9619,0,902,19494,9772,4
691,14169,9619,6,896,19494,9785,4
691,14176,9619,6,896,19494,9798,4
704,14182,9612,6,889,19526,9811,4
716,14188,9600,6,896,19539,9824,4
723,14195,9593,6,902,19552,9843,4
736,14201,9580,6,908,19558,9856,4
736,14208,9574,6,915,19571,9868,4
742,14208,9561,6,921,19584,9875,4
755,14208,9542,6,928,19596,9875,4
768,14208,9536,6,940,19609,9875,4
774,14208,9529,0,947,19616,9894,4
0,24934,0,0,0,659,22259,5
0,24915,0,0,0,665,22272,5
0,24921,0,0,0,672,22297,5
0,24934,0,0,0,672,22355,5
0,24934,0,0,0,716,22528,5
0,24070,0,0,0,691,22387,5
0,24211,0,0,0,640,22297,5
0,24121,0,0,0,576,22316,5
0,24102,0,0,0,518,22323,5
0,24102,0,0,0,448,22310,5
0,24096,0,0,0,390,22336,5
0,24115,0,0,0,326,22368,5
0,24108,0,0,0,268,22400,5
0,24102,0,0,0,204,22380,5
0,24140,0,0,0,96,22240,5
0,25036,0,0,0,76,22425,5
0,24921,0,0,0,70,22566,5
0,25030,0,0,0,70,22592,5
0,25081,0,0,0,76,22617,5
0,25113,0,0,0,89,22656,5
0,25164,0,0,0,89,22675,5
0,25209,0,0,0,96,22688,5
0,25248,0,0,0,102,22694,5
0,25273,0,0,0,102,22707,5
0,25305,0,0,0,108,22726,5
0,25331,0,0,0,102,22739,5
0,25356,0,0,0,96,22739,5
0,25388,0,0,0,89,22752,5
0,25408,0,0,0,76,22771,5
0,25433,0,0,0,57,22771,5
0,25433,0,0,0,57,22771,5
0,25446,0,0,0,57,22771,5
0,25446,0,0,0,51,22777,5
0,25459,0,0,0,57,22777,5
0,25472,0,0,0,51,22784,5
0,25484,0,0,0,51,22790,5
0,25491,0,6,0,57,22796,5
0,25497,0,6,0,64,22796,5
0,25510,0,6,0,70,22790,5
0,25516,0,6,0,70,22803,5
0,25536,0,6,0,70,22816,5
0,25542,0,6,0,70,22841,5
0,25529,0,6,0,76,22860,5
0,25561,0,6,0,64,22867,5
0,25574,0,6,0,64,22867,5
0,25580,0,6,0,64,22880,5
0,25587,0,0,0,64,22880,5
0,25600,0,0,0,64,22867,5
0,25606,0,0,0,64,22873,5
0,25612,0,0,0,64,22892,5
0,25632,0,0,0,64,22899,5
0,25638,0,0,0,64,22880,5
0,25676,0,0,0,57,22867,5
0,25664,0,0,0,64,22867,5
0,25664,0,0,0,57,22873,5
0,25651,0,0,0,57,22860,5
0,25664,0,0,0,57,22867,5
0,25670,0,0,0,57,22880,5
0,25676,0,0,0,57,22867,5
0,25696,0,0,0,51,22848,5
0,25689,0,0,0,70,22841,5
0,25696,0,0,0,70,22848,5
0,25702,0,0,0,70,22854,5
0,25708,0,0,0,70,22854,5
0,25721,0,0,0,76,22854,5
0,25747,0,0,0,76,22854,5
0,25747,0,0,0,70,22854,5
0,25753,0,0,0,70,22860,5
0,25760,0,0,0,70,22873,5
0,25753,0,0,0,76,22873,5
0,25760,0,0,0,57,22880,5
0,25766,0,0,0,57,22886,5
0,25772,0,0,0,51,22886,5
0,25779,0,0,0,51,22892,5
0,25779,0,0,0,51,22892,5
0,25785,0,0,0,51,22886,5
0,25792,0,0,0,57,22880,5
0,25792,0,0,0,57,22873,5
0,25792,0,0,0,57,22880,5
0,25798,0,0,0,57,22886,5
0,25817,0,0,0,57,22886,5
0,25824,0,0,0,57,22886,5
0,25830,0,0,0,64,22886,5
0,25836,0,0,0,64,22886,5
0,25843,0,0,0,64,22886,5
0,25849,0,0,0,64,22899,5
0,25862,0,0,0,64,22899,5
0,25875,0,0,0,64,22899,5
6,25888,0,0,0,64,22892,5
6,25894,0,0,0,64,22892,5
6,25888,0,0,0,64,22892,5
6,25894,0,0,0,70,22892,5
6,25900,0,0,0,64,22892,5
6,25907,0,0,0,64,22892,5
6,25913,0,0,0,64,22892,5
6,25920,0,0,0,64,22892,5
6,25920,0,0,0,64,22892,5
6,25920,0,0,6,64,22880,5
0,25920,0,0,6,64,22886,5
0,25920,0,0,6,64,22886,5
0,26611,0,0,0,0,29766,5
0,26604,0,0,0,6,29670,5
0,26611,0,0,0,6,29529,5
0,26592,0,0,0,6,29401,5
0,26560,0,0,0,6,29241,5
0,26553,0,0,0,6,29068,5
0,26553,0,0,0,6,28915,5
0,26560,0,0,0,6,28889,5
0,26528,0,0,0,6,28908,5
0,26470,0,0,0,6,28915,5
0,26444,0,0,0,6,28915,5
0,26444,0,0,0,0,28870,5
0,26464,0,0,0,0,28838,5
0,26470,0,0,0,0,28825,5
0,26502,0,0,0,0,28793,5
0,26508,0,0,0,0,28793,5
0,26502,0,0,0,0,28793,5
0,26483,0,0,0,0,28800,5
0,26489,0,0,0,0,28793,5
0,26521,0,0,0,0,28793,5
0,26528,0,0,0,0,28787,5
0,26540,0,0,0,0,28806,5
0,26540,0,0,0,0,28819,5
0,26547,0,0,0,0,28793,5
0,26547,0,0,0,0,28812,5
0,26547,0,0,0,0,28812,5
0,26560,0,0,0,0,28806,5
0,26572,0,0,0,0,28812,5
0,26592,0,0,0,0,28800,5
0,26617,0,0,0,6,28780,5
0,26643,0,0,0,6,28768,5
0,26649,0,0,0,6,28748,5
0,26668,0,0,0,6,28729,5
0,26694,0,0,0,6,28716,5
0,26700,0,0,0,6,28704,5
0,26713,0,0,0,6,28704,5
6,26713,0,0,0,6,28697,5
6,26726,6,0,0,6,28684,5
6,26739,6,0,0,6,28665,5
6,26752,6,0,0,0,28652,5
6,26764,6,0,0,0,28627,5
6,26777,6,0,0,0,28608,5
6,26790,6,0,0,0,28614,5
6,26803,6,0,0,0,28556,5
6,26809,6,0,0,0,28531,5
6,26816,6,0,0,0,28505,5
0,26809,6,0,0,0,28492,5
0,26790,0,0,6,0,28480,5
0,26796,0,0,6,0,28473,5
0,26803,0,0,6,0,28460,5
0,26809,0,0,6,0,28460,5
0,26816,0,0,6,0,28454,5
0,26822,0,0,6,0,28422,5
0,26835,0,0,6,0,28460,5
0,26848,0,0,12,0,28467,5
0,26848,0,0,12,0,28467,5
0,26873,0,0,12,0,28454,5
0,26905,0,0,6,0,28448,5
0,26912,0,0,6,0,28441,5
0,26924,0,0,6,0,28428,5
0,26892,0,0,0,1209,25926,5
0,26899,0,0,0,1209,25939,5
0,26905,0,0,0,1203,25958,5
0,26905,0,0,0,1209,25971,5
0,26912,0,0,0,1209,25977,5
0,26918,0,0,0,1216,25984,5
0,26931,0,0,0,1222,25984,5
0,26937,0,0,0,1228,25990,5
0,26937,0,0,0,1228,26003,5
0,26944,0,0,0,1235,26009,5
0,26956,0,0,0,1235,25996,5
0,26982,0,0,0,1235,25990,5
0,27001,0,0,0,1241,25964,5
0,27027,0,0,0,1248,25939,5
0,27046,0,0,0,1248,25932,5
0,27065,0,0,0,1248,25926,5
0,27078,0,0,0,1248,25926,5
0,27097,0,0,0,1248,25920,5
0,27116,6,0,0,1248,25913,5
0,27129,6,0,0,1241,25913,5
0,27142,12,0,0,1241,25894,5
0,27091,19,0,0,1248,25888,5
0,27097,25,0,0,1254,25894,5
0,27097,32,0,0,1254,25907,5
0,27097,38,0,0,1260,25913,5
0,27097,44,0,0,1260,25920,5
0,27097,51,0,0,1267,25920,5
0,27097,57,6,0,1273,25920,5
0,27104,57,6,0,1286,25926,5
0,27110,64,6,0,1299,25926,5
0,27110,64,6,0,1312,25952,5
0,27136,64,6,0,1318,25952,5
0,27136,64,6,0,1324,25958,5
6,27142,64,6,0,1331,25964,5
6,27148,64,6,0,1337,25964,5
6,27155,64,6,0,1344,25971,5
6,27161,64,6,0,1344,25990,5
6,27168,64,0,0,1344,25984,5
6,27174,64,0,0,1350,25984,5
12,27180,70,0,0,1350,25984,5
12,27187,76,0,0,1344,25990,5
12,27225,76,0,0,1337,26009,5
12,27232,76,0,0,1324,26016,5
6,27238,76,0,0,1324,26016,5
6,27244,76,0,0,1324,26022,5
6,27270,76,0,0,1324,26016,5
6,27276,76,0,0,1324,26003,5
6,27289,76,0,0,1324,26016,5
6,27289,83,0,0,1318,26016,5
0,27289,83,0,0,1312,26016,5
0,27289,83,0,0,1318,26016,5
0,27289,89,0,0,1324,26041,5
0,27296,89,0,0,1331,26048,5
0,27302,89,0,0,1331,26054,5
0,27302,89,0,0,1331,26054,5
0,27315,96,0,0,1331,26060,5
6,27315,102,0,0,1331,26067,5
6,27315,108,0,0,1331,26073,5
6,27321,108,0,0,1331,26080,5
6,27328,115,0,0,1344,26092,5
0,18464,2284,0,0,1440,18598,5
0,19878,2361,0,0,1440,18956,5
0,20044,2438,0,0,1440,20403,5
0,20582,2118,0,0,1446,21350,5
0,20819,1990,0,0,1408,21638,5
0,21587,1753,0,0,1356,22668,5
0,22227,1593,0,0,934,23097,5
0,23040,1017,0,0,448,23660,5
0,23507,684,0,0,12,23833,5
0,23641,755,0,0,12,23929,5
0,23673,793,0,0,12,24019,5
0,23692,825,0,0,12,24134,5
0,23705,857,0,0,12,24204,5
0,23718,896,0,0,6,24256,5
0,23731,928,0,0,6,24300,5
0,23692,928,0,0,0,24352,5
0,23648,928,0,0,0,24396,5
0,23635,928,0,0,0,24422,5
0,23641,934,0,0,0,24435,5
0,23641,908,0,0,0,24473,5
0,23641,870,0,0,0,24518,5
0,23622,838,0,0,0,24563,5
0,23603,806,0,0,0,24601,5
0,23571,761,0,0,0,24665,5
0,23545,729,0,0,0,24704,5
0,23564,729,0,0,0,24723,5
0,23590,736,0,0,0,24742,5
0,23609,742,0,0,0,24768,5
0,23616,742,0,0,0,24800,5
0,23622,755,0,0,0,24819,5
0,23622,768,0,0,0,24832,5
0,23622,774,0,0,0,24851,5
0,23635,774,0,0,0,24864,5
0,23660,780,0,0,0,24857,5
0,23673,787,0,0,0,24864,5
0,23686,793,0,0,6,24864,5
0,23692,806,0,0,6,24883,5
0,23699,812,0,0,6,24896,5
0,23705,819,0,0,6,24908,5
0,23712,819,0,0,6,24915,5
0,23718,819,0,0,6,24921,5
0,23724,819,0,0,6,24928,5
0,23731,825,0,0,6,24934,5
0,23731,825,0,0,6,24940,5
0,23750,825,0,0,6,24947,5
0,23756,825,0,0,0,24960,5
0,23769,819,0,0,0,24953,5
0,23776,819,0,0,0,24953,5
0,23782,819,0,0,0,24953,5
0,23788,819,0,0,0,24953,5
0,23801,819,0,0,0,24972,5
0,23814,819,0,0,0,24972,5
0,23833,819,0,0,0,24966,5
0,23852,825,0,0,0,24960,5
0,23859,825,0,0,0,24953,5
0,23865,825,0,0,0,24953,5
0,23872,832,0,0,0,24960,5
0,23878,832,0,0,6,24966,5
0,23891,832,0,0,6,24966,5
0,23897,832,0,0,6,24972,5
0,23283,5081,0,0,1740,22540,5
0,23289,4652,0,0,1638,22688,5
0,23283,4486,0,0,1536,22713,5
0,23328,4332,0,0,1401,22707,5
0,23468,4070,0,0,1241,22713,5
0,23705,3558,0,0,1081,22918,5
0,23948,3014,0,0,928,23174,5
0,24102,2534,0,0,768,23270,5
6,24256,2060,0,0,601,23366,5
6,24409,1760,0,0,377,23443,5
6,24608,1734,0,0,192,23532,5
6,24806,1792,0,0,134,23500,5
6,25017,1612,0,0,51,23584,5
6,25196,1420,0,0,6,23699,5
6,25273,1299,0,0,6,23795,5
6,25248,1491,0,0,6,23673,5
6,25203,1670,0,0,6,23552,5
6,25254,1740,0,0,6,23584,5
0,25312,1760,0,0,6,23616,5
0,25376,1689,0,0,0,23648,5
0,25433,1619,0,0,0,23699,5
0,25472,1593,0,0,0,23776,5
0,25510,1516,0,0,0,23852,5
0,25536,1420,0,0,0,23929,5
0,25561,1388,0,0,0,24019,5
0,25587,1260,0,0,0,24153,5
0,25612,1145,0,0,0,24256,5
0,25625,1075,0,0,0,24390,5
0,25638,1062,0,0,0,24563,5
0,25638,1113,0,0,0,24915,5
0,25644,1171,0,0,0,25100,5
0,25644,1209,0,0,0,25465,5
0,25644,1228,0,0,0,25619,5
0,25651,1248,0,0,0,25766,5
0,25644,1267,0,0,0,25926,5
0,25644,1305,0,0,0,26054,5
0,25644,1350,0,0,0,26176,5
0,25651,1401,0,0,0,26278,5
0,25651,1440,0,0,0,26329,5
0,25664,1478,0,0,6,26195,5
0,25670,1497,0,0,6,26182,5
0,25670,1516,0,0,6,25990,5
0,25670,1536,0,0,6,26009,5
0,25664,1568,0,0,6,26022,5
0,25644,1574,0,0,6,26022,5
0,25619,1568,0,0,6,26048,5
0,25600,1580,0,0,6,26067,5
0,25580,1580,0,0,6,26080,5
0,25568,1593,0,0,6,26086,5
0,25548,1606,0,0,0,26099,5
0,25536,1619,0,0,0,26118,5
0,25523,1632,0,0,0,26131,5
0,25510,1644,0,0,0,26137,5
0,25510,1644,0,0,0,26163,5
0,25529,1670,0,0,0,26195,5
0,25548,1708,0,0,0,26297,5
0,25568,1734,0,0,0,26387,5
0,25587,1753,0,0,0,26534,5
0,25600,1772,0,0,0,26803,5
0,25612,1785,0,0,0,26822,5
